跳舞：
4455833D
Unknown encoding: 4455833D (32 bits)
Raw (18): 32212 5900 -600 1500 -600 1500 -650 550 -1600 1550 -550 600 -1550 1500 -650 650 -1500 600 
4455833D
Unknown encoding: 4455833D (32 bits)
Raw (18): -15112 5900 -600 1500 -600 1500 -600 600 -1500 1600 -600 600 -1550 1500 -650 550 -1550 600 
4455833D
Unknown encoding: 4455833D (32 bits)
Raw (18): -15776 5900 -550 1550 -600 1550 -550 650 -1500 1500 -650 600 -1550 1550 -550 600 -1600 600 



音量+
6B3D9F34
Unknown encoding: 6B3D9F34 (32 bits)
Raw (18): 8684 5900 -550 1500 -650 1500 -600 600 -1500 1550 -650 550 -1600 600 -1550 1500 -650 550 
6B3D9F34
Unknown encoding: 6B3D9F34 (32 bits)
Raw (18): 12888 5900 -600 1500 -600 1500 -600 600 -1600 1500 -600 600 -1500 650 -1550 1500 -650 550 
6B3D9F34
Unknown encoding: 6B3D9F34 (32 bits)
Raw (18): -23762 5900 -550 1500 -600 1550 -600 600 -1550 1500 -650 550 -1600 550 -1600 1500 -600 600 


音量-
24A730C5
Unknown encoding: 24A730C5 (32 bits)
Raw (18): 1438 5900 -550 1500 -650 550 -1600 1500 -600 1500 -650 550 -1600 1500 -600 600 -1600 550 
24A730C5
Unknown encoding: 24A730C5 (32 bits)
Raw (18): -21162 5900 -550 1500 -650 550 -1600 1500 -600 1500 -650 550 -1600 1500 -600 600 -1550 600 
24A730C5
Unknown encoding: 24A730C5 (32 bits)
Raw (18): -22576 5900 -600 1500 -600 600 -1600 1500 -600 1500 -600 600 -1550 1550 -550 650 -1550 600 


步行前进
E9F1A5C0
Unknown encoding: E9F1A5C0 (32 bits)
Raw (18): -11684 5900 -550 600 -1600 1500 -600 1500 -600 1500 -650 550 -1600 1500 -600 600 -1600 550 
E9F1A5C0
Unknown encoding: E9F1A5C0 (32 bits)
Raw (18): -6090 5900 -600 550 -1600 1500 -600 1500 -550 1600 -600 600 -1550 1500 -650 550 -1550 600 
E9F1A5C0
Unknown encoding: E9F1A5C0 (32 bits)
Raw (18): 19210 5950 -550 600 -1600 1500 -600 1500 -600 1500 -650 550 -1600 1500 -600 600 -1550 600 



步行后退
EA4EA3E1
Unknown encoding: EA4EA3E1 (32 bits)
Raw (18): 14632 5900 -600 550 -1600 1500 -550 1550 -650 1500 -600 600 -1550 600 -1550 1500 -650 550 
EA4EA3E1
Unknown encoding: EA4EA3E1 (32 bits)
Raw (18): -5476 5900 -600 650 -1500 1500 -600 1500 -650 1500 -600 600 -1550 600 -1550 1500 -650 550 
EA4EA3E1
Unknown encoding: EA4EA3E1 (32 bits)
Raw (18): 19274 5950 -500 600 -1600 1500 -600 1550 -550 1600 -550 550 -1600 650 -1500 1500 -650 550 


向左看
DC450CDD
Unknown encoding: DC450CDD (32 bits)
Raw (18): 3238 5900 -600 1500 -600 1500 -600 600 -1600 1500 -600 600 -1550 600 -1550 600 -1550 600 
DC450CDD
Unknown encoding: DC450CDD (32 bits)
Raw (18): -32562 5900 -600 1500 -600 1500 -600 650 -1550 1550 -550 650 -1500 650 -1550 600 -1550 600 
DC450CDD
Unknown encoding: DC450CDD (32 bits)
Raw (18): -12976 5900 -550 1550 -600 1500 -600 600 -1550 1550 -600 600 -1500 650 -1550 600 -1550 600 



向右看
4B8F4CBC
Unknown encoding: 4B8F4CBC (32 bits)
Raw (18): -17958 5900 -600 1500 -600 600 -1550 1500 -650 1500 -600 600 -1550 600 -1600 1500 -600 550 
4B8F4CBC
Unknown encoding: 4B8F4CBC (32 bits)
Raw (18): 19432 5900 -550 1550 -600 600 -1550 1500 -650 1500 -600 600 -1550 600 -1600 1500 -600 600 
4B8F4CBC
Unknown encoding: 4B8F4CBC (32 bits)
Raw (18): 25882 5950 -550 1500 -650 550 -1600 1500 -600 1500 -650 550 -1600 550 -1600 1500 -600 600 


滑行前进
11511FDC
Unknown encoding: 11511FDC (32 bits)
Raw (18): 9674 5900 -600 550 -1600 1500 -600 1500 -600 1550 -600 600 -1550 600 -1550 600 -1600 550 
11511FDC
Unknown encoding: 11511FDC (32 bits)
Raw (18): 2468 5900 -600 600 -1550 1500 -600 1550 -600 1500 -600 600 -1550 600 -1600 550 -1550 650 
11511FDC
Unknown encoding: 11511FDC (32 bits)
Raw (18): 28268 5900 -600 600 -1550 1500 -650 1550 -550 1500 -600 600 -1600 550 -1600 550 -1600 550 


滑行后退
3AC98954
Unknown encoding: 3AC98954 (32 bits)
Raw (18): 13696 5900 -600 600 -1550 1600 -500 1500 -600 1550 -600 1500 -600 600 -1550 1550 -600 1500 
3AC98954
Unknown encoding: 3AC98954 (32 bits)
Raw (18): 20132 5900 -550 600 -1600 1500 -600 1500 -600 1500 -650 1500 -600 600 -1550 1500 -650 1500 
3AC98954
Unknown encoding: 3AC98954 (32 bits)
Raw (18): 31032 5900 -600 550 -1600 1500 -600 1500 -650 1500 -600 1500 -650 550 -1600 1500 -600 1500 


左转
4790E5A4
Unknown encoding: 4790E5A4 (32 bits)
Raw (18): 24400 5900 -550 600 -1550 1550 -600 550 -1600 1500 -600 600 -1600 1500 -600 600 -1550 600 
4790E5A4
Unknown encoding: 4790E5A4 (32 bits)
Raw (18): 21682 5900 -600 550 -1600 1500 -600 600 -1550 1500 -650 550 -1600 1500 -600 600 -1550 600 
4790E5A4
Unknown encoding: 4790E5A4 (32 bits)
Raw (18): -17668 5850 -600 600 -1550 1500 -650 550 -1600 1500 -600 600 -1550 1500 -600 600 -1600 550 


右转
61CC0553
Unknown encoding: 61CC0553 (32 bits)
Raw (18): 24468 5950 -500 650 -1550 1550 -600 1500 -600 1500 -650 1500 -600 600 -1550 600 -1550 1500 
61CC0553
Unknown encoding: 61CC0553 (32 bits)
Raw (18): -13418 5900 -600 550 -1550 1550 -600 1500 -650 1500 -600 1500 -600 600 -1500 650 -1600 1500 
61CC0553
Unknown encoding: 61CC0553 (32 bits)
Raw (18): -15104 5900 -600 550 -1600 1500 -600 1500 -650 1500 -600 1500 -600 600 -1600 550 -1550 1550 


数学：
1AC2B9C1
Unknown encoding: 1AC2B9C1 (32 bits)
Raw (18): 31996 5900 -550 1550 -600 1500 -600 600 -1550 1550 -600 1500 -600 600 -1600 1500 -600 1500 
1AC2B9C1
Unknown encoding: 1AC2B9C1 (32 bits)
Raw (18): 25696 5950 -550 1500 -600 1550 -600 600 -1550 1500 -600 1550 -550 650 -1550 1500 -550 1600 
1AC2B9C1
Unknown encoding: 1AC2B9C1 (32 bits)
Raw (18): 20260 5900 -600 1500 -600 1500 -600 600 -1550 1500 -650 1500 -600 650 -1500 1550 -600 1500 

科普
FB146749
Unknown encoding: FB146749 (32 bits)
Raw (18): 15474 5900 -600 1500 -600 600 -1600 1500 -600 1500 -600 1500 -650 550 -1600 1500 -600 1500 
FB146749
Unknown encoding: FB146749 (32 bits)
Raw (18): -3582 5900 -600 1500 -550 650 -1550 1500 -600 1500 -650 1500 -600 600 -1550 1500 -650 1500 
FB146749
Unknown encoding: FB146749 (32 bits)
Raw (18): 28796 5900 -600 1500 -600 600 -1600 1500 -600 1500 -600 1500 -650 550 -1550 1550 -600 1500 

英语
BC96BA65
Unknown encoding: BC96BA65 (32 bits)
Raw (18): -29404 5900 -550 1550 -600 600 -1550 1550 -600 1500 -600 600 -1550 600 -1600 550 -1600 550 
BC96BA65
Unknown encoding: BC96BA65 (32 bits)
Raw (18): 23224 5900 -600 1500 -600 600 -1550 1500 -650 1500 -600 550 -1600 600 -1500 650 -1600 550 
BC96BA65
Unknown encoding: BC96BA65 (32 bits)
Raw (18): -31962 5900 -550 1500 -650 550 -1600 1500 -600 1500 -650 550 -1600 600 -1550 600 -1550 600 


声控互动：
6B57FF39
Unknown encoding: 6B57FF39 (32 bits)
Raw (18): 29020 5900 -550 1500 -600 1600 -550 650 -1500 1500 -650 550 -1550 1550 -600 1500 -600 1550 
6B57FF39
Unknown encoding: 6B57FF39 (32 bits)
Raw (18): -29118 5850 -600 1500 -600 1550 -600 550 -1600 1500 -600 600 -1600 1500 -600 1500 -600 1550 
6B57FF39
Unknown encoding: 6B57FF39 (32 bits)
Raw (18): -25204 5900 -550 1500 -650 1500 -600 600 -1550 1500 -600 600 -1600 1500 -600 1500 -650 1500 

编程：
6C1BD4F2
Unknown encoding: 6C1BD4F2 (32 bits)
Raw (18): -23668 5900 -550 1500 -650 550 -1600 1500 -600 1500 -650 1500 -600 600 -1550 600 -1550 1500 
6C1BD4F2
Unknown encoding: 6C1BD4F2 (32 bits)
Raw (18): 9096 5900 -550 1500 -650 550 -1600 1500 -600 1500 -650 1500 -600 600 -1550 600 -1550 1500 
6C1BD4F2
Unknown encoding: 6C1BD4F2 (32 bits)
Raw (18): -6840 5900 -550 1550 -600 550 -1600 1500 -600 1500 -650 1500 -600 600 -1550 600 -1600 1500 


能量转换：
4BA9ACC1
Unknown encoding: 4BA9ACC1 (32 bits)
Raw (18): 2134 5900 -600 1500 -600 600 -1550 1500 -600 1550 -600 600 -1550 1500 -650 1500 -600 1500 
4BA9ACC1
Unknown encoding: 4BA9ACC1 (32 bits)
Raw (18): 3260 5900 -550 1500 -650 550 -1600 1500 -600 1500 -650 550 -1600 1500 -600 1500 -650 1500 
4BA9ACC1
Unknown encoding: 4BA9ACC1 (32 bits)
Raw (18): 16560 5900 -550 1500 -650 550 -1600 1500 -600 1500 -650 550 -1600 1500 -600 1500 -600 1550 


歌曲：
8BCA276A
Unknown encoding: 8BCA276A (32 bits)
Raw (18): -17454 5900 -600 1500 -600 1500 -650 550 -1550 1550 -600 1500 -650 550 -1600 550 -1600 1500 
8BCA276A
Unknown encoding: 8BCA276A (32 bits)
Raw (18): 11524 5900 -600 1500 -600 1600 -500 600 -1550 1550 -600 1500 -600 600 -1600 550 -1600 1500 
8BCA276A
Unknown encoding: 8BCA276A (32 bits)
Raw (18): -6512 5900 -600 1500 -600 1500 -600 600 -1600 1500 -600 1500 -600 600 -1600 550 -1600 1500 
